%YAML:1.0
---
calibration_time: "2018-03-14 10:53:14 +0530"
nr_of_frames: 25
image_width: 640
image_height: 480
board_width: 7
board_height: 7
square_size: 40.
fix_aspect_ratio: 1.
# flags: +fix_aspectRatio +fix_principal_point +zero_tangent_dist +fix_k4 +fix_k5
flags: 6158
fisheye_model: 0
camera_matrix: !!opencv-matrix
   rows: 3
   cols: 3
   dt: d
   data: [ 8.2251048749962956e+02, 0., 320., 0., 8.2251048749962956e+02,
       240., 0., 0., 1. ]
distortion_coefficients: !!opencv-matrix
   rows: 5
   cols: 1
   dt: d
   data: [ 1.2193188853085053e-01, -2.2664500419034952e+00, 0., 0.,
       1.2119960740901883e+01 ]
avg_reprojection_error: 4.3664088043686716e-01
per_view_reprojection_errors: !!opencv-matrix
   rows: 25
   cols: 1
   dt: f
   data: [ 3.38161290e-01, 3.33289415e-01, 3.21784317e-01,
       3.23380023e-01, 3.31267655e-01, 3.21616709e-01, 3.34140331e-01,
       3.43704134e-01, 5.12883723e-01, 6.02652550e-01, 4.80799556e-01,
       4.02974457e-01, 4.00709897e-01, 4.14685279e-01, 3.93574178e-01,
       4.43616152e-01, 5.42923331e-01, 3.89518410e-01, 4.44438756e-01,
       3.89044017e-01, 3.90779763e-01, 4.21760917e-01, 4.18939888e-01,
       7.49255896e-01, 5.68319321e-01 ]
# a set of 6-tuples (rotation vector + translation vector) for each view
extrinsic_parameters: !!opencv-matrix
   rows: 25
   cols: 6
   dt: d
   data: [ -9.3060131384062716e-02, 4.8988138119738595e-02,
       7.8055814647184543e-02, -1.7686775362989141e+02,
       -6.9499734903098627e+01, 1.2094964485836135e+03,
       -1.0713381411448560e-01, 5.1940400423898962e-02,
       7.9647600928248977e-02, -1.7280772281591805e+02,
       -6.3228690162337145e+01, 1.2121022550892926e+03,
       -1.0445014195131794e-01, 4.2437220947905335e-02,
       8.1943842699027533e-02, -1.6680301919135317e+02,
       -6.3098507924667963e+01, 1.2114203332127333e+03,
       -1.0724695421409003e-01, 4.7891085252711386e-02,
       8.2945379876588551e-02, -1.6413973295258796e+02,
       -6.3596535923944437e+01, 1.2111706250994559e+03,
       -1.0692797760044181e-01, 5.1881709846785667e-02,
       8.1565776680122201e-02, -1.6657667663260659e+02,
       -6.3564335877558591e+01, 1.2110913706353817e+03,
       -1.1492678782960154e-01, 4.5165551476979794e-02,
       8.1319915848544019e-02, -1.8421368198159911e+02,
       -5.0472318766099256e+01, 1.2153323503355871e+03,
       -1.1456910352631834e-01, 4.3680311388540130e-02,
       8.0841739566663087e-02, -1.9135894357510020e+02,
       -4.6820236927303881e+01, 1.2158713912203330e+03,
       -1.0267959550774965e-01, 2.9780087978432720e-02,
       7.5058972665854956e-02, -1.8421755022522228e+02,
       -4.8826565606019464e+01, 1.2158322022660900e+03,
       -5.4749745553757348e-02, 9.2196237116429172e-02,
       6.3740188516717297e-02, -1.5640047786528288e+02,
       -5.9041644424747908e+01, 1.2074335765775302e+03,
       -5.1464848038815840e-02, 8.2450446012152706e-02,
       4.8646791321551815e-02, -9.1574375875380483e+01,
       -8.0976292224185769e+01, 1.2247050755103257e+03,
       -2.0738535679609207e-01, 2.7905353759622309e-01,
       6.6198955756376882e-02, 4.0185855328846330e+01,
       2.3539669048111040e+01, 1.2600590278045897e+03,
       -1.5660302059793529e-01, 3.0492477646113397e-01,
       6.1749606932502123e-02, 5.9873717587794012e+01,
       1.3054585863626398e+01, 1.2623102046461920e+03,
       -1.6820889536437400e-01, 3.4329527239866275e-01,
       5.1317478262281335e-02, 6.6901879742758894e+01,
       2.1939828170999881e+01, 1.2643391617908694e+03,
       -1.7471343226752903e-01, 3.4672867021260168e-01,
       5.3356935831496144e-02, 5.8364378004380079e+01,
       2.0963699494757858e+01, 1.2733163433194143e+03,
       -1.6851828241421929e-01, 3.5150403040184058e-01,
       5.8413509446697230e-02, 5.5450076052204935e+01,
       2.4496301981091140e+01, 1.2750353430135719e+03,
       -1.9686214839870389e-01, 3.4146195041909649e-01,
       7.2695606087538819e-02, 3.7132544069245832e+01,
       3.5430013607935301e+01, 1.2888960140749978e+03,
       -1.9167390657982619e-01, 2.9070908834548836e-01,
       8.9660034343164163e-02, 2.3305907573951014e+01,
       2.1474063696732969e+01, 1.3048194277389844e+03,
       -1.3785750245888201e-01, 3.3170523693945292e-01,
       7.3954553755958746e-02, 1.4185050717551269e+01,
       3.9116142929420334e+00, 1.2933513464397688e+03,
       -1.4959325478784041e-01, 3.0470583531267598e-01,
       7.4251039489767537e-02, 1.3760890441615764e+01,
       5.5846536135028231e+00, 1.3049716348764964e+03,
       -1.2010488002790863e-01, 3.2816804724266591e-01,
       6.5185385297379189e-02, 2.4746102304579495e+01,
       3.3965709271032057e-01, 1.3001922640115758e+03,
       -1.2768471129899242e-01, 3.4226299484383577e-01,
       5.3917313097210838e-02, 3.5339802522869434e+01,
       1.0800967247879449e+01, 1.3025253191193970e+03,
       -1.5800030836644890e-01, 3.4781373746473593e-01,
       5.3526621993461081e-02, 3.9379301355232592e+01,
       1.7410326445915032e+01, 1.3074335758290720e+03,
       -1.7126473884823148e-01, 3.4431836520852166e-01,
       5.0985357632568104e-02, 2.9220040583281289e+01,
       2.5917543628426667e+01, 1.3087280978887413e+03,
       -5.9684989870075027e-02, -5.1563246907607707e-01,
       -3.1243621130188016e-02, -3.4447893755369950e+02,
       -2.0259519751409226e+02, 1.0318821260824834e+03,
       -2.0886218228748997e-02, -4.4752740591328116e-01,
       -1.5848203139858665e-02, -3.0138594539235390e+02,
       -1.9751723683098226e+02, 1.0553139038606766e+03 ]
