%YAML:1.0
---
calibration_time: "2018-03-14 10:57:29 +0530"
nr_of_frames: 25
image_width: 640
image_height: 480
board_width: 7
board_height: 7
square_size: 40.
fix_aspect_ratio: 1.
# flags: +fix_aspectRatio +fix_principal_point +zero_tangent_dist +fix_k4 +fix_k5
flags: 6158
fisheye_model: 0
camera_matrix: !!opencv-matrix
   rows: 3
   cols: 3
   dt: d
   data: [ 6.0085881366056788e+02, 0., 320., 0., 6.0085881366056788e+02,
       240., 0., 0., 1. ]
distortion_coefficients: !!opencv-matrix
   rows: 5
   cols: 1
   dt: d
   data: [ -1.9382094176003567e-01, 8.0794657665412373e-01, 0., 0.,
       -1.8107709136547716e+00 ]
avg_reprojection_error: 3.1950401407146950e-01
per_view_reprojection_errors: !!opencv-matrix
   rows: 25
   cols: 1
   dt: f
   data: [ 2.82826364e-01, 2.90787637e-01, 2.78342009e-01,
       2.88466275e-01, 2.62902230e-01, 3.29487741e-01, 3.11271459e-01,
       5.05202830e-01, 3.12663317e-01, 2.84226984e-01, 2.86761701e-01,
       3.57718170e-01, 2.75085002e-01, 2.74105936e-01, 2.74953067e-01,
       2.88325220e-01, 3.30111295e-01, 2.94398993e-01, 4.12200063e-01,
       3.00782740e-01, 2.90276259e-01, 3.75006407e-01, 3.59050542e-01,
       3.11777413e-01, 3.02861780e-01 ]
# a set of 6-tuples (rotation vector + translation vector) for each view
extrinsic_parameters: !!opencv-matrix
   rows: 25
   cols: 6
   dt: d
   data: [ -2.8581574887343423e-02, -6.7490291645027595e-02,
       5.0741090494604742e-02, -1.4712957408403832e+02,
       -1.4391971540755264e+02, 9.5544165949269347e+02,
       -2.0596751186379721e-02, -7.5766484205543300e-02,
       4.7487664250177003e-02, -1.4179439809850805e+02,
       -1.5611150997355850e+02, 9.4957203017984943e+02,
       -1.6958996190096769e-02, -6.6359050498930580e-02,
       4.7102231302782842e-02, -1.3323578273838274e+02,
       -1.5813334666755463e+02, 9.4855470092045516e+02,
       -1.5096858603437012e-02, -6.5448278545090929e-02,
       4.8100318568967994e-02, -1.2994864001176634e+02,
       -1.5917313515327996e+02, 9.4769078323898862e+02,
       -2.2057808609785366e-02, -5.8221217658615314e-02,
       4.8517570511985353e-02, -1.2789161390514832e+02,
       -1.4846122973326868e+02, 9.5070550608260203e+02,
       -2.0484355404524892e-02, -5.4879259669378566e-02,
       5.3866387779079726e-02, -1.3769578257547391e+02,
       -1.4915882161996561e+02, 9.5296518015518905e+02,
       -4.3355261652129135e-02, -8.2547334940154315e-02,
       3.7697861272120173e-02, -1.5348700094856150e+02,
       -1.3307772309172745e+02, 9.5027794130290351e+02,
       -2.4602119461901314e-02, -6.5758795531461578e-02,
       9.6206146361355101e-03, -1.5772204860550724e+02,
       -1.2310282966279229e+02, 9.4591655884722832e+02,
       -5.8842387876834490e-02, -5.5980686364338936e-02,
       1.4236776909428771e-03, -1.7941435437674522e+02,
       -1.0275279720944555e+02, 9.6093629177304672e+02,
       -6.2730164373823741e-02, -6.0411923236383891e-02,
       9.3999925205745462e-04, -1.9337691497583739e+02,
       -9.8105120318432611e+01, 9.6555063568587525e+02,
       -7.6964023576666221e-02, -5.6945567308045397e-02,
       -6.4682006308287845e-03, -1.8683385152905299e+02,
       -8.8002878390060360e+01, 9.7139915216908719e+02,
       -6.8364457800405898e-02, -2.8552794367307319e-02,
       -1.9494604097861804e-02, -1.8105977146131070e+02,
       -8.1835029308012636e+01, 9.7298321129803708e+02,
       -1.1275902740188429e-01, 1.7549545100039886e-02,
       -5.1160334323120489e-03, -1.2321922161729550e+02,
       -4.3879767212077667e+01, 9.8865080885073348e+02,
       -9.9649341582968565e-02, 1.7135076232707609e-02,
       -6.3122689893687200e-03, -1.2390179837868364e+02,
       -5.9029477751504039e+01, 9.8579218618744687e+02,
       -9.5184166528832381e-02, 2.7676160647183003e-02,
       -5.5030398914962539e-03, -1.1702295978782560e+02,
       -6.5819602321204243e+01, 9.8578454120112531e+02,
       -8.6669387059527286e-02, 3.7486038273255168e-02,
       -6.1854253494615704e-03, -1.0789711730162868e+02,
       -7.6833480297893544e+01, 9.8591482891026237e+02,
       -8.5861005300160428e-02, 3.4759691576482961e-02,
       -6.6233864223522194e-03, -1.1425929805486828e+02,
       -8.4719641984385774e+01, 9.8525322316318568e+02,
       -7.5430644983930734e-02, 1.4799348834945521e-02,
       1.8048005097789318e-03, -1.3168751136205856e+02,
       -9.7602693110173476e+01, 9.7885788195181124e+02,
       -8.0172667759432978e-02, 1.5110661601696576e-03,
       9.8398200815130767e-03, -1.4940297292033304e+02,
       -1.0597857105662843e+02, 9.7547669024761058e+02,
       -5.0175693136280279e-02, -3.5347250768739888e-02,
       8.1172385541718496e-03, -1.5487182500269847e+02,
       -1.2227048189160156e+02, 9.6236101269829317e+02,
       -4.5173070228379672e-02, -2.4746369217887566e-02,
       1.9566730075859871e-02, -1.4884146501333586e+02,
       -1.2529220765883976e+02, 9.5770191622651453e+02,
       -5.9531675528625018e-02, -4.3409727523424889e-02,
       3.4786577714736824e-02, -1.6575953959841115e+02,
       -1.1644711187102004e+02, 9.5551679496978443e+02,
       -5.9099586255243274e-02, -7.2960182344129362e-02,
       3.4717706980305824e-02, -1.9183264428224575e+02,
       -1.1971756868514099e+02, 9.4847716415965533e+02,
       -6.4528613244546451e-02, -1.0829189174438097e-01,
       3.6376858232878818e-02, -2.1881010999799457e+02,
       -1.1227535775119490e+02, 9.4135404272140613e+02,
       -6.5802262691108407e-02, -1.4351117316212267e-01,
       3.2977467441386452e-02, -2.4263397140532726e+02,
       -1.1339355845443659e+02, 9.3317685748669919e+02 ]
